85
26
14
35
57
67
21
67
35
50
44
63
23
27
26.1
34.2
56.9
9
46.5
26.3
23.3
39.6
53.4
33
16.8
82.2
17.4
54.8
41.8
44.6
91.8
68.8
63.3
10.9
8.2
40.2
71.3
21.4
86
60.6
53
26.9
33.8
95.5
66.3
23.5
32.6
36.9
47
16.1
65.3
39.9
57.1
30
12.2
63.5
70.8
69.8
79.4
66
21.2
31.4
8.5
53.7
32.4
34.8
75.3
39
47.4
65.7
28.6
13.3
23.5
51.5
51.3
8.9
52.6
95.3
62.1
87.5
58.1
54.1
95.5
46.6
50.2
35
22.8
7.2
3.2
52.1
7.1
17.8
42.7
87.7
30.1
46.7
88.6
2.3
15
29.1
4.2
41.5
30.5
99.5
50
74.1
10.1
70.3
39.5
69.8
25.4
5.7
21.3
22.4
87
86.2
51.7
47
59.5
42.1
64.3
58.7
26
29.5
59.5
4.3
51.9
75.2
83.8
50.7
50.7
85.1
54.8
2.4
43.8
52.9
21.9
16.2
86.5
27.6
5.1
46.9
53.5
75.7
47.9
48
33.9
12.4
45.6
42.8
67.2
60.8
75.3
55.5
89.5
56.5
64.4
55.1
5.7
50.8
17.2
29.2
26.2
47.6
64.7
56.8
52.5
88.6
76.1
12.6
35.8
41.8
29.6
6.1
82.8
52.9
88.4
37.6
41.7
52.8
12.9
6.6
68.2
52.1
33.7
48.3
28.1
53.4
49
34.7
18.8
16.1
17.8
16.8
95.1
73.5
46.1
10.1
20.2
21.2
11.1
29.2
29.6
29.9
43
8.3
58
44.8
39.5
54.6
85.9
55.9
9.4
18.8
65.4
87.3
32.6
73.4
12.2
98.6
50.5
66.7
78
86.2
36.7
22.1
41.7
62.5
36.4
48.6
35.7
44.1
2.1
51
73.5
47.4
59.5
3.8
42.3
54
65.1
25.3
22.6
44.2
80.8
54.9
79.4
68.2
31.4
64.2
44.3
74.9
71.7
45
56
20.3
59.5
26.6
68.7
93
3.1
5.1
68.7
46.1
67.7
39.9
37.6
59.5
25.1
70.1
53
53.6
49.8
10.4
51.2
38.5
70.5
16.6
42.4
47.3
76.7
27.7
19.3
64.4
11.1
57.6
63.9
21
55.3
43.4
54
38.3
25.9
15.4
27.2
15.4
27.6
17.3
57.7
66.7
13.1
12.5
10.4
58.1
54.2
68.8
49.1
40.9
60.7
38.6
26.6
52.3
53
57.8
27.2
15.2
22.4
67.2
29.8
67.8
40
71.9
42.8
34.4
92.3
23
69.7
43.6
62.9
23.2
36.3
13.3
11.2
23.2
58
29.1
13.9
21.1
11.3
9.9
19.3
6.3
15.4
16.4
96.6
93
81.7
72.3
63.5
65.3
56.8
32.7
37.3
52.4
10.4
50.3
15.3
48.1
51.3
55.5
68.8
40.9
58.9
45.4
78.5
38.1
65.5
53.6
17.1
1.6
8.2
8.6
59.9
44
94.9
77.6
87
37.6
21.7
33.4
20.8
68.7
48.2
90.7
29.7
36.8
72.1
21.6
26.1
6.2
59.3
52.3
27.7
96.5
26.4
33.4
32.7
11.9
90.8
32.4
79.8
39.5
56.7
45.3
94.6
76.5
34.1
85.3
38
31.6
51.5
22.8
71.9
84.6
24.5
39.7
39.6
9.1
72.9
63.6
47.2
31
33.7
1.5
72.9
12
50.3
11.4
42.9
41.7
39.5
50.9
73.3
32.9
73.4
5.4
90.9
36.1
19.2
27.8
73.4
82.8
69.8
56.7
41.3
29.8
34.1
33.3
64.7
88.9
35.2
58.9
11.2
18.4
30
80.5
5.6
14.5
43.5
60.7
52.3
17.2
54.6
66.7
22.8
72.4
66.1
60.6
11.1
32.4
42.7
39.9
54.1
69.9
77.3
57.2
36.9
74.8
43.3
14.4
6.9
26
59.5
27.7
41.6
44.3
76.2
60.9
27.8
56.3
16
8.9
26
40.2
56.6
64.2
12.1
35.5
36.7
55.7
10.8
52.8
23.8
19.3
71.1
92.3
6.9
29.7
4.1
39.5
6.9
26.8
24.9
49.7
22.1
51.4
69.7
34.7
25.9
52.8
9.1
88.6
92.9
26
43.7
18.5
59.3
12
12.6
17.7
38.5
57.1
94.5
22.5
62.3
84.7
77.3
59.4
86.9
35.9
63.1
2.4
16
75.3
31.8
43.9
35
23.8
96.3
23
29.5
73.8
80
42.6
40
52.8
80.6
17
16.9
32.2
86.3
76
43.1
63.3
13.7
71.9
49.5
16.9
30
11.1
20.3
0.3
95
19.2
28.5
82.8
41.5
49
31.4
25
25.8
12
28.8
45.8
22
35.4
91
13
10.3
55.1
11.4
9.8
28.2
78.6
34.6
70.5
6.8
44.9
47.1
47.4
68.6
6.6
51.1
82.6
31.9
89.6
26.9
16.6
1.2
3.8
57
49.2
68.7
21.1
25.6
35
35.8
98.2
8.6
24.8
86.7
49.2
31.2
77.2
16.5
62.2
16
99.6
87.2
19.2
52.8
32.3
5.8
55.4
99.5
73.9
75.2
69.6
95.3
66.5
26
39.1
35.2
79
59.6
8.2
33.8
17.8
51
64
37.6
38.4
66.4
74.2
67.2
36.3
20
61.6
51
19
73.6
20.8
16.4
30
39.1
47.6
28.8
10.4
8.4
35.2
13.8
51.4
71.9
26.2
29.5
68.8
45
40.4
37.6
7.8
18.8
96.6
29.6
46.4
21.6
19.7
43.6
30
19.8
32.6
45.8
42.4
47.5
73.4
29.2
44.4
16.8
41.2
44.6
33.4
91.6
11.8
23.6
68.8
78.2
64.4
98
63.6
56
92.9
43.8
3.6
80
63.8
15.2
41
17.4
37.8
84.8
44.6
69
15.4
69.8
63.4
64.2
45.6
76.8
64.4
43
45
58.8
41.2
72.4
69.6
30
28
29.8
34
71.4
39.6
36
39.4
48
84.6
51.8
0.4
39.8
23.2
20.6
12.4
18
88.6
38.2
74.8
32.2
21.4
76.8
42.8
14.6
2.4
24.6
84
49.8
68.8
35
18.4
29
63
34.4
16.8
16.2
98.4
25.4
10.8
71.8
36.4
41.2
88.4
71.8
95.8
50.1
32.8
52.8
34
41.8
11.6
25.2
32.6
49.6
81.4
50
98.2
62.4
89.8
27.8
58
84.6
40.8
50
97.6
10.8
76
28.4
37.8
63.4
38.6
24
16.2
41.6
12.2
71.8
16.8
50
39.8
48.2
39.4
74.8
43.8
72.8
47.2
60.4
93.4
16
21.6
42.2
21.6
86.4
10.4
60.2
38.2
25.8
4.6
64.8
46.4
90
58.6
59
9.2
34.2
81.2
58
29
81.2
65.2
58.4
0.4
14.8
48.2
29.4
61
73.8
60.6
33.2
34.2
49.6
12.8
36
81.8
50.8
33.6
63
92.8
74.8
89.6
47.6
99.8
42.8
38.2
2
54
35.2
58.2
20
42.2
50.2
72.4
96.6
36.4
24.6
7.2
84.6
88.2
61.2
42.2
52.4
87.6
10.2
71.2
17.2
49.6
31.4
16.4
34.2
24
7.6
54.4
86
81.4
23.8
51.6
59
4.2
92.4
65.8
38.4
56.8
61.4
53
59.4
16.8
78.4
76.4